%YAML:1.0
CM: !!opencv-matrix
   rows: 3
   cols: 3
   dt: d
   data: [ 8.3991693777324588e+002, 0., 3.6635329005555013e+002, 0.,
       8.4168540657846700e+002, 2.5773853912014977e+002, 0., 0., 1. ]
D: !!opencv-matrix
   rows: 1
   cols: 5
   dt: d
   data: [ -3.7896146089282973e-001, 1.2197804206078888e+000,
       5.9685514697367546e-003, 1.0391282006893864e-002,
       -1.8855723359485197e+000 ]
