%YAML:1.0
CM: !!opencv-matrix
   rows: 3
   cols: 3
   dt: d
   data: [ 7.2874953062141174e+002, 0., 3.7847843929991416e+002, 0.,
       7.2749875634423256e+002, 2.7260786479782666e+002, 0., 0., 1. ]
D: !!opencv-matrix
   rows: 1
   cols: 5
   dt: d
   data: [ -2.5626613691134992e-001, 7.0026521363084138e-001,
       6.0444659817718155e-003, 6.4114951057383440e-003,
       -8.9845288533134637e-001 ]
