%YAML:1.0
CM1: !!opencv-matrix
   rows: 3
   cols: 3
   dt: d
   data: [ 7.3779149785647587e+002, 0., 3.5615383098621419e+002, 0.,
       7.3761619496417245e+002, 2.9401104361705046e+002, 0., 0., 1. ]
CM2: !!opencv-matrix
   rows: 3
   cols: 3
   dt: d
   data: [ 7.3779149785647587e+002, 0., 3.3788402092658606e+002, 0.,
       7.3761619496417245e+002, 2.8140993601841757e+002, 0., 0., 1. ]
D1: !!opencv-matrix
   rows: 1
   cols: 5
   dt: d
   data: [ -3.5441948615835428e-001, 1.5199511301682529e+000, 0., 0.,
       -2.8352990339461734e+000 ]
D2: !!opencv-matrix
   rows: 1
   cols: 5
   dt: d
   data: [ -1.4551044651199668e-001, 1.7740961258805363e+000, 0., 0.,
       -5.4032660044128136e+000 ]
P1: !!opencv-matrix
   rows: 3
   cols: 4
   dt: d
   data: [ 6.6093086995538283e+002, 0., 5.3568115806579590e+002, 0., 0.,
       6.6093086995538283e+002, 8.4467070293426514e+002, 0., 0., 0., 1.,
       0. ]
P2: !!opencv-matrix
   rows: 3
   cols: 4
   dt: d
   data: [ 6.6093086995538283e+002, 0., 5.3568115806579590e+002, 0., 0.,
       6.6093086995538283e+002, 8.4467070293426514e+002,
       -4.9864625673413875e+003, 0., 0., 1., 0. ]
